epochs  trn_loss  val_loss  trn_cls_ls  val_cls_ls  trn_box_ls  val_box_ls  trn_spec_ls  val_spec_ls  trn_Acc  val_Acc  trn_MaxPos  val_MaxPos
1       0.5516    0.5948    0.4744      0.5113      0.0365      0.0428      0.0407       0.0407       0.5423   0.5172   0.9926      0.9865    
2       0.4689    0.5210    0.3990      0.4470      0.0283      0.0325      0.0415       0.0415       0.6420   0.5672   0.9930      0.9888    
3       0.4226    0.5280    0.3576      0.4545      0.0231      0.0315      0.0420       0.0420       0.6758   0.5899   0.9987      0.9902    
4       0.3870    0.5297    0.3239      0.4559      0.0212      0.0319      0.0419       0.0419       0.7293   0.5854   0.9978      0.9890    
5       0.2911    0.5581    0.2346      0.4839      0.0145      0.0323      0.0420       0.0420       0.8516   0.6040   0.9992      0.9843    
6       0.2877    0.5737    0.2317      0.4989      0.0141      0.0329      0.0420       0.0420       0.8549   0.6052   0.9987      0.9853    
7       0.2806    0.5996    0.2251      0.5237      0.0134      0.0338      0.0421       0.0421       0.8729   0.6015   0.9999      0.9835    
8       0.2612    0.6174    0.2063      0.5408      0.0128      0.0345      0.0421       0.0421       0.8985   0.6033   0.9996      0.9812    
9       0.2655    0.6244    0.2103      0.5475      0.0131      0.0348      0.0421       0.0421       0.8871   0.6038   0.9999      0.9802    
10      0.2566    0.6217    0.2021      0.5447      0.0123      0.0348      0.0421       0.0421       0.8809   0.6046   0.9966      0.9810    
epochs done 9. Exited due to exception False. Total time taken  29136.9556


epochs  trn_loss  val_loss  trn_cls_ls  val_cls_ls  trn_box_ls  val_box_ls  trn_spec_ls  val_spec_ls  trn_Acc  val_Acc  trn_MaxPos  val_MaxPos
epochs  val_loss  val_cls_ls  val_box_ls  val_spec_ls  val_Acc  val_MaxPos

6       0.5633    0.4889      0.0324      0.0420       0.6159   0.9877    
