epochs  trn_loss  val_loss  trn_cls_ls  val_cls_ls  trn_box_ls  val_box_ls  trn_Acc  val_Acc  trn_MaxPos  val_MaxPos
1       0.6003    0.6289    0.5619      0.5904      0.0384      0.0385      0.4271   0.4171   0.9874      0.9869    
2       0.5005    0.5466    0.4710      0.5137      0.0295      0.0330      0.5230   0.4683   0.9922      0.9914    
3       0.4130    0.5285    0.3911      0.4984      0.0218      0.0300      0.5707   0.5059   0.9971      0.9912    
4       0.3580    0.5276    0.3384      0.4974      0.0196      0.0302      0.6184   0.5310   0.9933      0.9898    
5       0.2412    0.5491    0.2306      0.5220      0.0106      0.0272      0.7484   0.5543   0.9993      0.9894    
6       0.2108    0.6212    0.2019      0.5927      0.0089      0.0285      0.7783   0.5600   1.0000      0.9900    
7       0.2022    0.6799    0.1945      0.6503      0.0076      0.0296      0.7667   0.5600   1.0000      0.9879    
8       0.1757    0.7860    0.1688      0.7547      0.0069      0.0313      0.8244   0.5582   1.0000      0.9884    
9       0.1642    0.8056    0.1574      0.7740      0.0068      0.0315      0.8352   0.5582   0.9991      0.9882    
epochs  trn_loss  val_loss  trn_cls_ls  val_cls_ls  trn_box_ls  val_box_ls  trn_Acc  val_Acc  trn_MaxPos  val_MaxPos
epochs  val_loss  val_cls_ls  val_box_ls  val_Acc  val_MaxPos

6       0.5972    0.5687      0.0284      0.5643   0.9908    
