epochs  trn_loss  val_loss  trn_cls_ls  val_cls_ls  trn_box_ls  val_box_ls  trn_spec_ls  val_spec_ls  trn_Acc  val_Acc  trn_MaxPos  val_MaxPos
1       0.5572    0.5755    0.4795      0.4969      0.0376      0.0385      0.0401       0.0401       0.5166   0.5308   0.9927      0.9861    
2       0.4838    0.5296    0.4148      0.4564      0.0289      0.0332      0.0401       0.0401       0.6081   0.5684   0.9945      0.9902    
3       0.4248    0.5205    0.3613      0.4481      0.0233      0.0322      0.0403       0.0402       0.6743   0.5901   0.9982      0.9867    
4       0.3759    0.5337    0.3154      0.4601      0.0202      0.0333      0.0403       0.0403       0.7237   0.5880   0.9970      0.9869    
5       0.2861    0.5680    0.2316      0.4950      0.0142      0.0326      0.0403       0.0403       0.8458   0.6060   0.9973      0.9820    
6       0.2866    0.5847    0.2320      0.5109      0.0143      0.0334      0.0404       0.0404       0.8478   0.6013   0.9986      0.9812    
7       0.2758    0.5985    0.2217      0.5247      0.0137      0.0335      0.0403       0.0403       0.8565   0.5995   0.9963      0.9814    
8       0.2604    0.6205    0.2072      0.5459      0.0129      0.0343      0.0403       0.0403       0.8767   0.6025   0.9987      0.9786    
9       0.2582    0.6207    0.2055      0.5459      0.0123      0.0344      0.0403       0.0403       0.8915   0.6060   0.9985      0.9792    
10      0.2547    0.6263    0.2018      0.5513      0.0126      0.0346      0.0404       0.0403       0.8977   0.6017   0.9991      0.9790    
epochs done 9. Exited due to exception False. Total time taken  28893.5295


epochs  trn_loss  val_loss  trn_cls_ls  val_cls_ls  trn_box_ls  val_box_ls  trn_spec_ls  val_spec_ls  trn_Acc  val_Acc  trn_MaxPos  val_MaxPos
epochs  val_loss  val_cls_ls  val_box_ls  val_spec_ls  val_Acc  val_MaxPos

5       0.5570    0.4841      0.0326      0.0403       0.6156   0.9872    
 
