epochs  trn_loss  val_loss  trn_cls_ls  val_cls_ls  trn_box_ls  val_box_ls  trn_Acc  val_Acc  trn_MaxPos  val_MaxPos
1       0.5090    0.5295    0.4732      0.4898      0.0358      0.0396      0.5350   0.5031   0.9896      0.9879    
2       0.4456    0.4857    0.4158      0.4530      0.0298      0.0327      0.5913   0.5504   0.9906      0.9918    
3       0.3874    0.4814    0.3624      0.4488      0.0250      0.0326      0.6916   0.5741   0.9944      0.9879    
4       0.3573    0.4824    0.3354      0.4500      0.0219      0.0324      0.6969   0.5825   0.9966      0.9845    
5       0.2645    0.5137    0.2491      0.4819      0.0154      0.0318      0.8184   0.6097   0.9997      0.9869    
6       0.2510    0.5269    0.2368      0.4943      0.0142      0.0326      0.8397   0.6076   0.9982      0.9851    
7       0.2441    0.5426    0.2304      0.5090      0.0137      0.0336      0.8325   0.6074   0.9987      0.9839    
8       0.2321    0.5546    0.2188      0.5209      0.0133      0.0337      0.8694   0.6105   0.9994      0.9845    
9       0.2288    0.5654    0.2160      0.5312      0.0128      0.0342      0.8790   0.6064   0.9999      0.9830    
10      0.2284    0.5653    0.2155      0.5312      0.0129      0.0341      0.8723   0.6093   0.9995      0.9833    
epochs done 9. Exited due to exception False. Total time taken  19140.9252


epochs  trn_loss  val_loss  trn_cls_ls  val_cls_ls  trn_box_ls  val_box_ls  trn_Acc  val_Acc  trn_MaxPos  val_MaxPos
epochs  val_loss  val_cls_ls  val_box_ls  val_Acc  val_MaxPos

8       0.5481    0.5143      0.0338      0.6175   0.9844    
