epochs  trn_loss  val_loss  trn_cls_ls  val_cls_ls  trn_box_ls  val_box_ls  trn_spec_ls  val_spec_ls  trn_Acc  val_Acc  trn_MaxPos  val_MaxPos
1       0.5385    0.5625    0.4648      0.4862      0.0343      0.0369      0.0394       0.0394       0.5461   0.5245   0.9965      0.9912    
2       0.4738    0.5321    0.4065      0.4605      0.0278      0.0319      0.0395       0.0396       0.6103   0.5588   0.9949      0.9902    
3       0.4207    0.5371    0.3577      0.4658      0.0235      0.0317      0.0396       0.0396       0.6859   0.5839   0.9982      0.9855    
4       0.3840    0.5295    0.3231      0.4585      0.0214      0.0315      0.0395       0.0395       0.7268   0.5911   0.9979      0.9853    
5       0.2974    0.5593    0.2425      0.4881      0.0153      0.0316      0.0396       0.0396       0.8531   0.6107   0.9991      0.9873    
6       0.2857    0.5797    0.2319      0.5070      0.0142      0.0331      0.0396       0.0396       0.8634   0.6029   0.9987      0.9853    
7       0.2728    0.6078    0.2201      0.5348      0.0130      0.0334      0.0396       0.0396       0.8573   0.6068   0.9994      0.9841    
8       0.2573    0.6055    0.2050      0.5323      0.0127      0.0336      0.0396       0.0397       0.8858   0.6080   0.9999      0.9845    
9       0.2581    0.6065    0.2057      0.5332      0.0128      0.0336      0.0397       0.0397       0.8763   0.6105   0.9990      0.9843    
10      0.2631    0.6163    0.2102      0.5426      0.0132      0.0340      0.0397       0.0397       0.8798   0.6087   1.0000      0.9822    
epochs done 9. Exited due to exception False. Total time taken  28291.3101


epochs  trn_loss  val_loss  trn_cls_ls  val_cls_ls  trn_box_ls  val_box_ls  trn_spec_ls  val_spec_ls  trn_Acc  val_Acc  trn_MaxPos  val_MaxPos
epochs  val_loss  val_cls_ls  val_box_ls  val_spec_ls  val_Acc  val_MaxPos

5       0.5589    0.4870      0.0323      0.0396       0.6123   0.9855    
