epochs  trn_loss  val_loss  trn_cls_ls  val_cls_ls  trn_box_ls  val_box_ls  trn_spec_ls  val_spec_ls  trn_Acc  val_Acc  trn_MaxPos  val_MaxPos
1       0.5571    0.5632    0.4803      0.4852      0.0368      0.0379      0.0401       0.0401       0.5705   0.5225   0.9896      0.9888    
2       0.4826    0.5196    0.4136      0.4466      0.0288      0.0327      0.0403       0.0402       0.5984   0.5754   0.9939      0.9888    
3       0.4169    0.5146    0.3522      0.4423      0.0246      0.0321      0.0401       0.0401       0.6922   0.5993   0.9945      0.9890    
4       0.3767    0.5156    0.3156      0.4435      0.0207      0.0317      0.0404       0.0404       0.7342   0.5919   0.9998      0.9906    
5       0.2979    0.5505    0.2421      0.4788      0.0155      0.0314      0.0403       0.0403       0.8278   0.6195   0.9991      0.9851    
6       0.2867    0.5585    0.2324      0.4863      0.0140      0.0319      0.0403       0.0403       0.8474   0.6225   0.9980      0.9847    
7       0.2722    0.5873    0.2188      0.5139      0.0131      0.0331      0.0403       0.0403       0.8586   0.6215   0.9986      0.9849    
8       0.2560    0.5966    0.2034      0.5233      0.0123      0.0330      0.0403       0.0403       0.8825   0.6232   0.9999      0.9851    
9       0.2571    0.6075    0.2042      0.5336      0.0126      0.0336      0.0403       0.0403       0.8890   0.6174   0.9997      0.9814    
epochs done 9. Exited due to exception False. Total time taken  28997.8594


epochs  trn_loss  val_loss  trn_cls_ls  val_cls_ls  trn_box_ls  val_box_ls  trn_spec_ls  val_spec_ls  trn_Acc  val_Acc  trn_MaxPos  val_MaxPos
epochs  val_loss  val_cls_ls  val_box_ls  val_spec_ls  val_Acc  val_MaxPos

8       0.5905    0.5172      0.0330      0.0403       0.6238   0.9866    