epochs  trn_loss  val_loss  trn_cls_ls  val_cls_ls  trn_box_ls  val_box_ls  trn_spec_ls  val_spec_ls  trn_Acc  val_Acc  trn_MaxPos  val_MaxPos
1       0.5697    0.5728    0.4925      0.4960      0.0377      0.0372      0.0396       0.0396       0.5446   0.5127   0.9945      0.9884    
2       0.4880    0.5409    0.4184      0.4677      0.0298      0.0333      0.0398       0.0399       0.5894   0.5715   0.9910      0.9906    
3       0.4130    0.5206    0.3498      0.4497      0.0234      0.0310      0.0398       0.0399       0.6902   0.5842   0.9930      0.9886    
4       0.3857    0.5231    0.3247      0.4525      0.0210      0.0306      0.0400       0.0400       0.7165   0.5907   0.9940      0.9916    
5       0.2986    0.5589    0.2438      0.4870      0.0148      0.0318      0.0400       0.0400       0.8554   0.6029   0.9995      0.9859    
6       0.2999    0.5704    0.2449      0.4980      0.0150      0.0323      0.0401       0.0401       0.8212   0.6029   0.9989      0.9843    
7       0.2798    0.5860    0.2260      0.5128      0.0138      0.0332      0.0401       0.0401       0.8659   0.5978   0.9972      0.9847    
8       0.2642    0.6061    0.2114      0.5323      0.0128      0.0337      0.0401       0.0401       0.8690   0.6011   0.9996      0.9804    
9       0.2675    0.6087    0.2141      0.5348      0.0133      0.0338      0.0401       0.0401       0.8732   0.6025   1.0000      0.9814    
10      0.2644    0.6164    0.2115      0.5420      0.0128      0.0343      0.0401       0.0401       0.8845   0.6019   0.9989      0.9800    
epochs done 9. Exited due to exception False. Total time taken  29371.6532


epochs  trn_loss  val_loss  trn_cls_ls  val_cls_ls  trn_box_ls  val_box_ls  trn_spec_ls  val_spec_ls  trn_Acc  val_Acc  trn_MaxPos  val_MaxPos
epochs  val_loss  val_cls_ls  val_box_ls  val_spec_ls  val_Acc  val_MaxPos

5       0.5501    0.4781      0.0320      0.0400       0.6187   0.9890    
