epochs  trn_loss  val_loss  trn_cls_ls  val_cls_ls  trn_box_ls  val_box_ls  trn_spec_ls  val_spec_ls  trn_Acc  val_Acc  trn_MaxPos  val_MaxPos
1       0.5506    0.5643    0.4753      0.4885      0.0363      0.0368      0.0391       0.0391       0.5621   0.5176   0.9897      0.9900    
2       0.4770    0.5257    0.4087      0.4540      0.0293      0.0327      0.0390       0.0390       0.6157   0.5621   0.9958      0.9890    
3       0.4242    0.5251    0.3599      0.4543      0.0252      0.0316      0.0391       0.0392       0.6757   0.5699   0.9952      0.9904    
4       0.3868    0.5231    0.3251      0.4525      0.0226      0.0316      0.0391       0.0391       0.7202   0.5774   0.9940      0.9906    
5       0.2960    0.5430    0.2422      0.4725      0.0147      0.0314      0.0391       0.0391       0.8426   0.6064   0.9979      0.9849    
6       0.2856    0.5701    0.2322      0.4984      0.0143      0.0325      0.0392       0.0391       0.8468   0.6070   0.9981      0.9833    
7       0.2808    0.5886    0.2272      0.5158      0.0144      0.0336      0.0392       0.0391       0.8584   0.6119   0.9984      0.9810    
8       0.2603    0.6030    0.2081      0.5300      0.0130      0.0338      0.0392       0.0392       0.9019   0.6117   0.9998      0.9810    
9       0.2623    0.6059    0.2101      0.5330      0.0130      0.0338      0.0392       0.0392       0.8786   0.6083   0.9998      0.9816    
10      0.2591    0.6068    0.2069      0.5336      0.0130      0.0341      0.0392       0.0392       0.8826   0.6097   1.0000      0.9802    
epochs done 9. Exited due to exception False. Total time taken  28925.8247


epochs  trn_loss  val_loss  trn_cls_ls  val_cls_ls  trn_box_ls  val_box_ls  trn_spec_ls  val_spec_ls  trn_Acc  val_Acc  trn_MaxPos  val_MaxPos
epochs  val_loss  val_cls_ls  val_box_ls  val_spec_ls  val_Acc  val_MaxPos

7       0.5859    0.5127      0.0340      0.0391       0.6095   0.9834    
