epochs  trn_loss  val_loss  trn_cls_ls  val_cls_ls  trn_box_ls  val_box_ls  trn_spec_ls  val_spec_ls  trn_Acc  val_Acc  trn_MaxPos  val_MaxPos
1       0.5463    0.5734    0.4710      0.4951      0.0359      0.0388      0.0395       0.0394       0.5371   0.5229   0.9918      0.9898    
2       0.4756    0.5222    0.4061      0.4500      0.0296      0.0322      0.0400       0.0400       0.6271   0.5670   0.9945      0.9920    
3       0.4187    0.5173    0.3545      0.4457      0.0243      0.0316      0.0400       0.0400       0.6771   0.5776   0.9945      0.9859    
4       0.3790    0.5248    0.3192      0.4534      0.0197      0.0312      0.0401       0.0401       0.7358   0.5884   0.9988      0.9865    
5       0.2999    0.5579    0.2447      0.4860      0.0150      0.0318      0.0401       0.0401       0.8306   0.6058   0.9993      0.9865    
6       0.2844    0.5703    0.2303      0.4975      0.0140      0.0326      0.0401       0.0401       0.8641   0.6097   0.9990      0.9824    
7       0.2723    0.5964    0.2187      0.5229      0.0135      0.0334      0.0401       0.0401       0.8594   0.6170   0.9980      0.9835    
8       0.2609    0.6067    0.2080      0.5327      0.0127      0.0339      0.0401       0.0401       0.8952   0.6103   0.9982      0.9837    
9       0.2614    0.6125    0.2090      0.5380      0.0122      0.0343      0.0401       0.0401       0.9001   0.6181   0.9999      0.9816    
10      0.2558    0.6125    0.2034      0.5381      0.0122      0.0342      0.0401       0.0401       0.9129   0.6129   0.9995      0.9830    
epochs done 9. Exited due to exception False. Total time taken  29533.7281


epochs  trn_loss  val_loss  trn_cls_ls  val_cls_ls  trn_box_ls  val_box_ls  trn_spec_ls  val_spec_ls  trn_Acc  val_Acc  trn_MaxPos  val_MaxPos
epochs  val_loss  val_cls_ls  val_box_ls  val_spec_ls  val_Acc  val_MaxPos

5       0.5700    0.4971      0.0326      0.0403       0.6135   0.9864   
