epochs  trn_loss  val_loss  trn_cls_ls  val_cls_ls  trn_box_ls  val_box_ls  trn_spec_ls  val_spec_ls  trn_Acc  val_Acc  trn_MaxPos  val_MaxPos
1       0.4425    0.6287    0.3681      0.5389      0.0339      0.0494      0.0405       0.0404       0.7235   0.5085   0.9876      0.9682    
2       0.3857    0.5872    0.3186      0.5014      0.0266      0.0453      0.0406       0.0405       0.7575   0.5324   0.9888      0.9707    
3       0.3492    0.6030    0.2854      0.5173      0.0228      0.0448      0.0410       0.0410       0.7925   0.5300   0.9923      0.9739    
4       0.3190    0.6173    0.2583      0.5301      0.0199      0.0464      0.0408       0.0408       0.8139   0.5327   0.9934      0.9688    
5       0.2481    0.6629    0.1941      0.5751      0.0132      0.0471      0.0407       0.0407       0.8771   0.5464   0.9968      0.9664    
6       0.2410    0.6984    0.1871      0.6091      0.0132      0.0486      0.0407       0.0407       0.8890   0.5424   0.9964      0.9633    
7       0.2280    0.7173    0.1752      0.6268      0.0121      0.0498      0.0407       0.0407       0.8960   0.5436   0.9973      0.9609    
8       0.2246    0.7446    0.1719      0.6534      0.0119      0.0505      0.0407       0.0407       0.9110   0.5397   0.9961      0.9590    
9       0.2172    0.7433    0.1646      0.6520      0.0119      0.0506      0.0407       0.0407       0.9129   0.5418   0.9945      0.9598    
10      0.2134    0.7445    0.1611      0.6530      0.0115      0.0508      0.0407       0.0407       0.9096   0.5417   0.9964      0.9583    
epochs done 9. Exited due to exception False. Total time taken  76322.3488


epochs  trn_loss  val_loss  trn_cls_ls  val_cls_ls  trn_box_ls  val_box_ls  trn_spec_ls  val_spec_ls  trn_Acc  val_Acc  trn_MaxPos  val_MaxPos
epochs  val_loss  val_cls_ls  val_box_ls  val_spec_ls  val_Acc  val_MaxPos

5       0.6656    0.5771      0.0479      0.0407       0.5467   0.9653    
   
