epochs  trn_loss  val_loss  trn_cls_ls  val_cls_ls  trn_box_ls  val_box_ls  trn_spec_ls  val_spec_ls  trn_Acc  val_Acc  trn_MaxPos  val_MaxPos
1       0.5127    0.5344    0.4434      0.4633      0.0295      0.0313      0.0397       0.0397       0.5614   0.5484   0.9925      0.9909    
2       0.4429    0.5020    0.3798      0.4337      0.0234      0.0285      0.0397       0.0398       0.6371   0.5921   0.9964      0.9939    
3       0.3814    0.4968    0.3230      0.4299      0.0187      0.0271      0.0398       0.0398       0.7122   0.6028   0.9987      0.9936    
4       0.3427    0.5187    0.2858      0.4506      0.0169      0.0280      0.0400       0.0401       0.7496   0.6017   0.9970      0.9900    
5       0.2770    0.5459    0.2252      0.4785      0.0118      0.0274      0.0400       0.0400       0.8512   0.6164   0.9994      0.9901    
6       0.2512    0.5795    0.2005      0.5110      0.0108      0.0286      0.0400       0.0400       0.8714   0.6220   0.9997      0.9889    
7       0.2415    0.5885    0.1913      0.5198      0.0102      0.0287      0.0400       0.0400       0.8847   0.6236   0.9998      0.9876    
8       0.2346    0.6126    0.1850      0.5433      0.0096      0.0292      0.0400       0.0400       0.8844   0.6211   0.9996      0.9871    
9       0.2362    0.6134    0.1865      0.5441      0.0097      0.0293      0.0400       0.0400       0.8823   0.6260   0.9982      0.9872    
10      0.2251    0.6193    0.1759      0.5498      0.0092      0.0295      0.0400       0.0400       0.8893   0.6261   0.9983      0.9872    
epochs done 9. Exited due to exception False. Total time taken  39334.5776


epochs  trn_loss  val_loss  trn_cls_ls  val_cls_ls  trn_box_ls  val_box_ls  trn_spec_ls  val_spec_ls  trn_Acc  val_Acc  trn_MaxPos  val_MaxPos
epochs  val_loss  val_cls_ls  val_box_ls  val_spec_ls  val_Acc  val_MaxPos

10      0.5512    0.4868      0.0244      0.0400       0.7090   0.9881    
epochs  val_loss  val_cls_ls  val_box_ls  val_spec_ls  val_Acc  val_MaxPos

10      0.7439    0.6668      0.0371      0.0400       0.4954   0.9855    
