epochs  trn_loss  val_loss  trn_cls_ls  val_cls_ls  trn_box_ls  val_box_ls  trn_spec_ls  val_spec_ls  trn_Acc  val_Acc  trn_MaxPos  val_MaxPos
1       0.5001    0.5283    0.4313      0.4560      0.0291      0.0325      0.0397       0.0397       0.5874   0.5610   0.9991      0.9935    
2       0.4353    0.4932    0.3718      0.4252      0.0238      0.0284      0.0396       0.0396       0.6487   0.5876   0.9974      0.9941    
3       0.3752    0.5019    0.3168      0.4348      0.0185      0.0272      0.0399       0.0398       0.7292   0.6017   0.9979      0.9918    
4       0.3361    0.5361    0.2798      0.4675      0.0162      0.0286      0.0400       0.0400       0.7722   0.6008   0.9992      0.9906    
5       0.2614    0.5502    0.2106      0.4826      0.0108      0.0276      0.0400       0.0400       0.8597   0.6282   0.9995      0.9874    
6       0.2526    0.5717    0.2019      0.5039      0.0106      0.0278      0.0400       0.0401       0.8747   0.6240   1.0000      0.9874    
7       0.2433    0.5897    0.1933      0.5211      0.0099      0.0286      0.0400       0.0401       0.8744   0.6264   0.9991      0.9880    
8       0.2333    0.6059    0.1835      0.5372      0.0097      0.0286      0.0400       0.0400       0.8829   0.6269   0.9984      0.9862    
9       0.2291    0.6137    0.1796      0.5448      0.0095      0.0288      0.0400       0.0400       0.8942   0.6244   0.9996      0.9860    
10      0.2243    0.6201    0.1753      0.5511      0.0089      0.0290      0.0400       0.0400       0.8979   0.6257   0.9999      0.9867    
epochs done 9. Exited due to exception False. Total time taken  39740.8286


epochs  trn_loss  val_loss  trn_cls_ls  val_cls_ls  trn_box_ls  val_box_ls  trn_spec_ls  val_spec_ls  trn_Acc  val_Acc  trn_MaxPos  val_MaxPos
epochs  val_loss  val_cls_ls  val_box_ls  val_spec_ls  val_Acc  val_MaxPos

5       0.4923    0.4289      0.0233      0.0400       0.7150   0.9879    
epochs  val_loss  val_cls_ls  val_box_ls  val_spec_ls  val_Acc  val_MaxPos

5       0.6575    0.5830      0.0345      0.0400       0.4987   0.9918    
