epochs  trn_loss  val_loss  trn_cls_ls  val_cls_ls  trn_box_ls  val_box_ls  trn_spec_ls  val_spec_ls  trn_Acc  val_Acc  trn_MaxPos  val_MaxPos
1       0.5077    0.5365    0.4388      0.4663      0.0293      0.0305      0.0397       0.0397       0.5717   0.5679   0.9941      0.9931    
2       0.4375    0.5110    0.3743      0.4425      0.0235      0.0289      0.0397       0.0397       0.6489   0.5886   0.9969      0.9919    
3       0.3712    0.5024    0.3124      0.4347      0.0189      0.0277      0.0399       0.0399       0.7269   0.6060   0.9976      0.9919    
4       0.3490    0.5084    0.2921      0.4412      0.0171      0.0273      0.0398       0.0398       0.7471   0.6049   0.9995      0.9926    
5       0.2698    0.5474    0.2180      0.4802      0.0119      0.0273      0.0399       0.0399       0.8497   0.6232   1.0000      0.9888    
6       0.2563    0.5613    0.2053      0.4936      0.0111      0.0278      0.0399       0.0399       0.8705   0.6235   0.9983      0.9876    
7       0.2450    0.5903    0.1949      0.5220      0.0102      0.0284      0.0399       0.0399       0.8766   0.6202   0.9992      0.9867    
8       0.2295    0.6101    0.1800      0.5412      0.0095      0.0290      0.0399       0.0399       0.8973   0.6180   0.9988      0.9868    
9       0.2290    0.6101    0.1798      0.5411      0.0093      0.0290      0.0399       0.0399       0.9036   0.6213   1.0000      0.9860    
10      0.2329    0.6144    0.1833      0.5454      0.0097      0.0291      0.0399       0.0399       0.8912   0.6205   0.9984      0.9862    
epochs done 9. Exited due to exception False. Total time taken  39625.8362


epochs  trn_loss  val_loss  trn_cls_ls  val_cls_ls  trn_box_ls  val_box_ls  trn_spec_ls  val_spec_ls  trn_Acc  val_Acc  trn_MaxPos  val_MaxPos
epochs  val_loss  val_cls_ls  val_box_ls  val_spec_ls  val_Acc  val_MaxPos

6       0.5056    0.4418      0.0239      0.0399       0.7045   0.9871    
epochs  val_loss  val_cls_ls  val_box_ls  val_spec_ls  val_Acc  val_MaxPos

6       0.6683    0.5936      0.0348      0.0399       0.4976   0.9879    
