epochs  trn_loss  val_loss  trn_cls_ls  val_cls_ls  trn_box_ls  val_box_ls  trn_Acc  val_Acc  trn_MaxPos  val_MaxPos
1       0.5017    0.5545    0.4749      0.5232      0.0268      0.0313      0.4871   0.4524   0.9943      0.9941    
2       0.4438    0.5193    0.4216      0.4902      0.0222      0.0290      0.5589   0.4896   0.9963      0.9940    
3       0.3547    0.5079    0.3389      0.4812      0.0157      0.0267      0.5994   0.5181   0.9977      0.9926    
4       0.3129    0.5200    0.2999      0.4950      0.0130      0.0250      0.6707   0.5362   0.9994      0.9929    
5       0.2124    0.6022    0.2050      0.5772      0.0074      0.0249      0.7555   0.5705   1.0000      0.9926    
6       0.1851    0.6920    0.1793      0.6655      0.0058      0.0265      0.7812   0.5707   1.0000      0.9902    
7       0.1564    0.7887    0.1518      0.7626      0.0046      0.0261      0.8038   0.5760   0.9998      0.9906    
8       0.1377    0.8857    0.1333      0.8586      0.0044      0.0271      0.8590   0.5749   1.0000      0.9888    
9       0.1273    0.9164    0.1230      0.8895      0.0043      0.0268      0.8568   0.5719   1.0000      0.9894    
10      0.1332    0.9264    0.1287      0.8995      0.0045      0.0269      0.8600   0.5698   1.0000      0.9888    
epochs done 9. Exited due to exception False. Total time taken  50825.1978


epochs  trn_loss  val_loss  trn_cls_ls  val_cls_ls  trn_box_ls  val_box_ls  trn_Acc  val_Acc  trn_MaxPos  val_MaxPos
epochs  val_loss  val_cls_ls  val_box_ls  val_Acc  val_MaxPos

7       0.6412    0.6202      0.0210      0.6387   0.9934    
epochs  val_loss  val_cls_ls  val_box_ls  val_Acc  val_MaxPos

7       0.9639    0.9322      0.0317      0.4756   0.9930    
