epochs  trn_loss  val_loss  trn_cls_ls  val_cls_ls  trn_box_ls  val_box_ls  trn_spec_ls  val_spec_ls  trn_Acc  val_Acc  trn_MaxPos  val_MaxPos
1       0.4993    0.5375    0.4319      0.4646      0.0280      0.0333      0.0395       0.0395       0.5913   0.5453   0.9988      0.9891    
2       0.4291    0.5134    0.3661      0.4448      0.0232      0.0287      0.0398       0.0398       0.6506   0.5836   0.9956      0.9915    
3       0.3835    0.5086    0.3244      0.4412      0.0194      0.0276      0.0398       0.0398       0.7191   0.6035   0.9961      0.9919    
4       0.3413    0.5137    0.2861      0.4471      0.0156      0.0271      0.0396       0.0395       0.7574   0.6117   0.9985      0.9918    
5       0.2696    0.5497    0.2181      0.4828      0.0118      0.0273      0.0396       0.0396       0.8514   0.6189   0.9984      0.9884    
6       0.2538    0.5704    0.2030      0.5026      0.0111      0.0281      0.0397       0.0397       0.8683   0.6220   0.9996      0.9868    
7       0.2570    0.5748    0.2067      0.5069      0.0106      0.0282      0.0397       0.0397       0.8705   0.6213   0.9996      0.9874    
8       0.2381    0.6076    0.1878      0.5389      0.0106      0.0291      0.0397       0.0397       0.8790   0.6234   0.9993      0.9861    
9       0.2367    0.6056    0.1871      0.5369      0.0099      0.0290      0.0397       0.0397       0.8887   0.6220   0.9986      0.9857    
10      0.2278    0.6106    0.1788      0.5416      0.0093      0.0293      0.0397       0.0397       0.8975   0.6184   0.9995      0.9861    
epochs done 9. Exited due to exception False. Total time taken  35068.3307


epochs  trn_loss  val_loss  trn_cls_ls  val_cls_ls  trn_box_ls  val_box_ls  trn_spec_ls  val_spec_ls  trn_Acc  val_Acc  trn_MaxPos  val_MaxPos
epochs  val_loss  val_cls_ls  val_box_ls  val_spec_ls  val_Acc  val_MaxPos

8       0.5381    0.4740      0.0244      0.0397       0.7003   0.9890    
epochs  val_loss  val_cls_ls  val_box_ls  val_spec_ls  val_Acc  val_MaxPos

8       0.7305    0.6546      0.0362      0.0397       0.5001   0.9863    
