epochs  trn_loss  val_loss  trn_cls_ls  val_cls_ls  trn_box_ls  val_box_ls  trn_spec_ls  val_spec_ls  trn_Acc  val_Acc  trn_MaxPos  val_MaxPos
1       0.4998    0.5220    0.4303      0.4501      0.0292      0.0318      0.0403       0.0402       0.5885   0.5505   0.9969      0.9929    
2       0.4243    0.5078    0.3621      0.4373      0.0220      0.0303      0.0402       0.0402       0.6802   0.5919   0.9980      0.9924    
3       0.3855    0.4977    0.3248      0.4293      0.0200      0.0277      0.0407       0.0408       0.6953   0.6055   0.9996      0.9924    
4       0.3353    0.5113    0.2789      0.4439      0.0159      0.0269      0.0405       0.0405       0.7771   0.6141   0.9976      0.9925    
5       0.2633    0.5507    0.2118      0.4829      0.0110      0.0272      0.0405       0.0405       0.8560   0.6204   0.9999      0.9907    
6       0.2500    0.5805    0.1995      0.5119      0.0100      0.0281      0.0405       0.0405       0.8691   0.6221   0.9998      0.9908    
7       0.2455    0.5997    0.1947      0.5305      0.0103      0.0287      0.0405       0.0405       0.8796   0.6194   0.9990      0.9890    
8       0.2328    0.6121    0.1833      0.5427      0.0091      0.0289      0.0405       0.0405       0.8873   0.6205   1.0000      0.9882    
9       0.2268    0.6161    0.1766      0.5465      0.0097      0.0292      0.0405       0.0405       0.8933   0.6211   0.9995      0.9884    
10      0.2345    0.6215    0.1842      0.5520      0.0098      0.0290      0.0405       0.0405       0.8799   0.6223   0.9992      0.9896    
epochs done 9. Exited due to exception False. Total time taken  39024.0722


epochs  trn_loss  val_loss  trn_cls_ls  val_cls_ls  trn_box_ls  val_box_ls  trn_spec_ls  val_spec_ls  trn_Acc  val_Acc  trn_MaxPos  val_MaxPos
epochs  val_loss  val_cls_ls  val_box_ls  val_spec_ls  val_Acc  val_MaxPos

10      0.5513    0.4864      0.0244      0.0405       0.7066   0.9907    
epochs  val_loss  val_cls_ls  val_box_ls  val_spec_ls  val_Acc  val_MaxPos

10      0.7347    0.6583      0.0359      0.0405       0.5026   0.9865    
