epochs  trn_loss  val_loss  trn_cls_ls  val_cls_ls  trn_box_ls  val_box_ls  trn_Acc  val_Acc  trn_MaxPos  val_MaxPos
1       0.4766    0.4941    0.4465      0.4627      0.0300      0.0314      0.5673   0.5601   0.9928      0.9914    
2       0.3907    0.4531    0.3684      0.4255      0.0223      0.0276      0.6292   0.5893   0.9978      0.9914    
3       0.3380    0.4563    0.3194      0.4286      0.0186      0.0277      0.7211   0.6064   0.9970      0.9922    
4       0.3015    0.4679    0.2851      0.4407      0.0165      0.0272      0.7593   0.6050   0.9979      0.9915    
5       0.2325    0.4994    0.2211      0.4721      0.0114      0.0273      0.8383   0.6309   0.9978      0.9901    
6       0.2273    0.5178    0.2161      0.4900      0.0113      0.0279      0.8396   0.6256   0.9986      0.9892    
7       0.2096    0.5403    0.1997      0.5118      0.0099      0.0285      0.8666   0.6267   0.9990      0.9893    
8       0.1995    0.5555    0.1898      0.5266      0.0097      0.0289      0.8812   0.6283   0.9987      0.9885    
9       0.2026    0.5607    0.1930      0.5317      0.0096      0.0289      0.8700   0.6284   0.9994      0.9870    
10      0.1960    0.5626    0.1866      0.5336      0.0094      0.0290      0.8918   0.6253   0.9987      0.9883    
epochs done 9. Exited due to exception False. Total time taken  30284.5176


epochs  trn_loss  val_loss  trn_cls_ls  val_cls_ls  trn_box_ls  val_box_ls  trn_Acc  val_Acc  trn_MaxPos  val_MaxPos
epochs  val_loss  val_cls_ls  val_box_ls  val_Acc  val_MaxPos

5       0.4393    0.4162      0.0231      0.7148   0.9888    
epochs  val_loss  val_cls_ls  val_box_ls  val_Acc  val_MaxPos

5       0.6087    0.5740      0.0348      0.5032   0.9863    
