epochs  trn_loss  val_loss  trn_cls_ls  val_cls_ls  trn_box_ls  val_box_ls  trn_spec_ls  val_spec_ls  trn_Acc  val_Acc  trn_MaxPos  val_MaxPos
1       0.5079    0.5474    0.4374      0.4689      0.0307      0.0387      0.0399       0.0398       0.5789   0.5516   0.9952      0.9888    
2       0.4392    0.5097    0.3753      0.4409      0.0241      0.0290      0.0398       0.0397       0.6468   0.5846   0.9970      0.9901    
3       0.3646    0.5061    0.3072      0.4379      0.0175      0.0283      0.0399       0.0399       0.7295   0.6063   0.9984      0.9902    
4       0.3513    0.5094    0.2946      0.4418      0.0166      0.0275      0.0401       0.0401       0.7500   0.5988   0.9984      0.9888    
5       0.2603    0.5550    0.2089      0.4875      0.0114      0.0276      0.0399       0.0400       0.8601   0.6168   0.9998      0.9879    
6       0.2545    0.5689    0.2039      0.5011      0.0106      0.0278      0.0399       0.0400       0.8718   0.6209   0.9999      0.9885    
7       0.2471    0.5844    0.1969      0.5163      0.0103      0.0282      0.0399       0.0399       0.8613   0.6157   0.9996      0.9866    
8       0.2331    0.6072    0.1835      0.5386      0.0098      0.0286      0.0399       0.0399       0.8818   0.6220   0.9988      0.9867    
9       0.2304    0.6070    0.1808      0.5383      0.0097      0.0288      0.0399       0.0399       0.8780   0.6246   0.9987      0.9859    
10      0.2240    0.6151    0.1744      0.5462      0.0097      0.0289      0.0399       0.0399       0.9138   0.6216   0.9990      0.9855    
epochs done 9. Exited due to exception False. Total time taken  39890.5039


epochs  trn_loss  val_loss  trn_cls_ls  val_cls_ls  trn_box_ls  val_box_ls  trn_spec_ls  val_spec_ls  trn_Acc  val_Acc  trn_MaxPos  val_MaxPos
epochs  val_loss  val_cls_ls  val_box_ls  val_spec_ls  val_Acc  val_MaxPos

9       0.5352    0.4711      0.0241      0.0399       0.7169   0.9890    
epochs  val_loss  val_cls_ls  val_box_ls  val_spec_ls  val_Acc  val_MaxPos

9       0.7231    0.6472      0.0360      0.0399       0.5128   0.9871    
