epochs  trn_loss  val_loss  trn_cls_ls  val_cls_ls  trn_box_ls  val_box_ls  trn_spec_ls  val_spec_ls  trn_Acc  val_Acc  trn_MaxPos  val_MaxPos
1       0.5111    0.5333    0.4420      0.4609      0.0288      0.0321      0.0403       0.0403       0.5635   0.5497   0.9975      0.9934    
2       0.4377    0.5021    0.3732      0.4329      0.0236      0.0284      0.0408       0.0408       0.6467   0.5878   0.9979      0.9933    
3       0.3773    0.5016    0.3176      0.4330      0.0190      0.0279      0.0407       0.0407       0.7327   0.6037   0.9963      0.9924    
4       0.3443    0.5124    0.2876      0.4443      0.0160      0.0274      0.0407       0.0408       0.7558   0.6124   0.9990      0.9901    
5       0.2647    0.5427    0.2128      0.4751      0.0112      0.0269      0.0407       0.0407       0.8535   0.6248   0.9989      0.9903    
6       0.2508    0.5624    0.1992      0.4941      0.0108      0.0275      0.0408       0.0408       0.8581   0.6225   0.9980      0.9894    
7       0.2443    0.5856    0.1930      0.5165      0.0105      0.0283      0.0408       0.0408       0.8814   0.6255   0.9998      0.9884    
8       0.2383    0.6027    0.1877      0.5331      0.0098      0.0287      0.0408       0.0408       0.8877   0.6235   0.9997      0.9882    
9       0.2285    0.6030    0.1786      0.5335      0.0091      0.0287      0.0408       0.0408       0.8977   0.6256   0.9991      0.9882    
10      0.2286    0.6144    0.1784      0.5446      0.0094      0.0290      0.0408       0.0409       0.8838   0.6245   0.9998      0.9877    
epochs done 9. Exited due to exception False. Total time taken  40277.0779


epochs  trn_loss  val_loss  trn_cls_ls  val_cls_ls  trn_box_ls  val_box_ls  trn_spec_ls  val_spec_ls  trn_Acc  val_Acc  trn_MaxPos  val_MaxPos
epochs  val_loss  val_cls_ls  val_box_ls  val_spec_ls  val_Acc  val_MaxPos

9       0.5397    0.4746      0.0243      0.0408       0.7059   0.9897    
epochs  val_loss  val_cls_ls  val_box_ls  val_spec_ls  val_Acc  val_MaxPos

9       0.7235    0.6460      0.0367      0.0409       0.4979   0.9861    
