epochs  trn_loss  val_loss  trn_cls_ls  val_cls_ls  trn_box_ls  val_box_ls  trn_spec_ls  val_spec_ls  trn_Acc  val_Acc  trn_MaxPos  val_MaxPos
1       0.4560    0.4954    0.3877      0.4252      0.0293      0.0312      0.0390       0.0391       0.6871   0.6747   0.9931      0.9934    
2       0.3889    0.4690    0.3280      0.4026      0.0217      0.0272      0.0392       0.0392       0.7726   0.7057   0.9985      0.9933    
3       0.3364    0.4571    0.2792      0.3899      0.0176      0.0275      0.0397       0.0397       0.8098   0.7116   0.9985      0.9914    
4       0.3017    0.4646    0.2466      0.3971      0.0155      0.0279      0.0396       0.0396       0.8559   0.7209   0.9988      0.9919    
5       0.2274    0.4939    0.1777      0.4279      0.0102      0.0265      0.0395       0.0395       0.9247   0.7380   0.9989      0.9906    
6       0.2188    0.5134    0.1690      0.4468      0.0102      0.0271      0.0395       0.0395       0.9335   0.7355   0.9972      0.9897    
7       0.2122    0.5340    0.1627      0.4669      0.0099      0.0275      0.0395       0.0395       0.9324   0.7322   0.9993      0.9893    
8       0.1970    0.5488    0.1486      0.4812      0.0089      0.0281      0.0396       0.0396       0.9547   0.7332   0.9996      0.9865    
9       0.2000    0.5474    0.1512      0.4798      0.0092      0.0280      0.0396       0.0396       0.9475   0.7356   0.9979      0.9870    
10      0.2001    0.5527    0.1516      0.4851      0.0089      0.0281      0.0396       0.0396       0.9490   0.7340   0.9977      0.9876    
epochs done 9. Exited due to exception False. Total time taken  39556.4040


epochs  trn_loss  val_loss  trn_cls_ls  val_cls_ls  trn_box_ls  val_box_ls  trn_spec_ls  val_spec_ls  trn_Acc  val_Acc  trn_MaxPos  val_MaxPos
epochs  val_loss  val_cls_ls  val_box_ls  val_spec_ls  val_Acc  val_MaxPos

5       0.4378    0.3758      0.0225      0.0395       0.7870   0.9912    
epochs  val_loss  val_cls_ls  val_box_ls  val_spec_ls  val_Acc  val_MaxPos

5       0.5690    0.4966      0.0329      0.0395       0.6542   0.9894    
