epochs  trn_loss  val_loss  trn_cls_ls  val_cls_ls  trn_box_ls  val_box_ls  trn_spec_ls  val_spec_ls  trn_Acc  val_Acc  trn_MaxPos  val_MaxPos
1       0.4753    0.4981    0.4066      0.4253      0.0291      0.0332      0.0396       0.0396       0.6732   0.6661   0.9955      0.9941    
2       0.3965    0.4529    0.3340      0.3861      0.0225      0.0269      0.0399       0.0399       0.7455   0.7024   0.9970      0.9937    
3       0.3314    0.4552    0.2734      0.3881      0.0177      0.0269      0.0402       0.0402       0.8121   0.7199   0.9996      0.9923    
4       0.3156    0.4610    0.2594      0.3933      0.0159      0.0273      0.0403       0.0403       0.8310   0.7191   0.9995      0.9920    
5       0.2299    0.4893    0.1789      0.4228      0.0107      0.0262      0.0403       0.0403       0.9256   0.7399   0.9985      0.9913    
6       0.2256    0.5023    0.1750      0.4351      0.0103      0.0269      0.0403       0.0403       0.9274   0.7408   0.9992      0.9898    
7       0.2168    0.5150    0.1667      0.4474      0.0098      0.0272      0.0403       0.0403       0.9252   0.7384   0.9998      0.9888    
8       0.2106    0.5322    0.1608      0.4644      0.0095      0.0275      0.0403       0.0403       0.9367   0.7429   0.9996      0.9888    
9       0.2014    0.5343    0.1522      0.4663      0.0089      0.0276      0.0403       0.0403       0.9323   0.7413   1.0000      0.9885    
10      0.2050    0.5392    0.1554      0.4711      0.0092      0.0278      0.0403       0.0403       0.9427   0.7410   0.9999      0.9881    
epochs done 9. Exited due to exception False. Total time taken  39526.8913


epochs  trn_loss  val_loss  trn_cls_ls  val_cls_ls  trn_box_ls  val_box_ls  trn_spec_ls  val_spec_ls  trn_Acc  val_Acc  trn_MaxPos  val_MaxPos
epochs  val_loss  val_cls_ls  val_box_ls  val_spec_ls  val_Acc  val_MaxPos

8       0.4727    0.4091      0.0233      0.0403       0.7914   0.9905    
epochs  val_loss  val_cls_ls  val_box_ls  val_spec_ls  val_Acc  val_MaxPos

8       0.6129    0.5387      0.0339      0.0403       0.6642   0.9855    
