epochs  trn_loss  val_loss  trn_cls_ls  val_cls_ls  trn_box_ls  val_box_ls  trn_spec_ls  val_spec_ls  trn_Acc  val_Acc  trn_MaxPos  val_MaxPos
1       0.4649    0.4937    0.3960      0.4206      0.0284      0.0327      0.0405       0.0404       0.6957   0.6686   0.9982      0.9926    
2       0.3864    0.4573    0.3239      0.3885      0.0216      0.0280      0.0409       0.0408       0.7729   0.6948   0.9993      0.9935    
3       0.3418    0.4580    0.2818      0.3896      0.0187      0.0271      0.0413       0.0412       0.8051   0.7114   0.9987      0.9930    
4       0.2972    0.4590    0.2406      0.3914      0.0154      0.0264      0.0412       0.0412       0.8651   0.7154   0.9978      0.9922    
5       0.2331    0.4881    0.1810      0.4210      0.0110      0.0259      0.0411       0.0411       0.9243   0.7332   0.9959      0.9890    
6       0.2199    0.5162    0.1687      0.4481      0.0100      0.0269      0.0412       0.0412       0.9323   0.7343   0.9997      0.9887    
7       0.2138    0.5265    0.1625      0.4584      0.0100      0.0270      0.0412       0.0412       0.9477   0.7332   0.9999      0.9878    
8       0.2020    0.5411    0.1517      0.4726      0.0091      0.0273      0.0412       0.0412       0.9492   0.7336   1.0000      0.9872    
9       0.2011    0.5475    0.1509      0.4788      0.0090      0.0276      0.0412       0.0412       0.9270   0.7287   0.9998      0.9871    
10      0.2008    0.5493    0.1506      0.4805      0.0090      0.0276      0.0412       0.0411       0.9379   0.7315   0.9979      0.9871    
epochs done 9. Exited due to exception False. Total time taken  39078.4943


epochs  trn_loss  val_loss  trn_cls_ls  val_cls_ls  trn_box_ls  val_box_ls  trn_spec_ls  val_spec_ls  trn_Acc  val_Acc  trn_MaxPos  val_MaxPos
epochs  val_loss  val_cls_ls  val_box_ls  val_spec_ls  val_Acc  val_MaxPos

6       0.4619    0.3978      0.0230      0.0411       0.7886   0.9878    
epochs  val_loss  val_cls_ls  val_box_ls  val_spec_ls  val_Acc  val_MaxPos

6       0.5909    0.5166      0.0329      0.0413       0.6654   0.9859    
