epochs  trn_loss  val_loss  trn_cls_ls  val_cls_ls  trn_box_ls  val_box_ls  trn_spec_ls  val_spec_ls  trn_Acc  val_Acc  trn_MaxPos  val_MaxPos
1       0.4511    0.4804    0.3832      0.4103      0.0277      0.0301      0.0401       0.0401       0.7029   0.6762   0.9965      0.9928    
2       0.3865    0.4603    0.3240      0.3924      0.0218      0.0271      0.0407       0.0408       0.7853   0.6992   0.9963      0.9939    
3       0.3455    0.4585    0.2854      0.3906      0.0194      0.0272      0.0408       0.0407       0.8018   0.7166   0.9990      0.9938    
4       0.3014    0.4573    0.2443      0.3895      0.0161      0.0268      0.0410       0.0410       0.8612   0.7221   0.9953      0.9939    
5       0.2274    0.4853    0.1753      0.4183      0.0110      0.0259      0.0411       0.0411       0.9214   0.7407   0.9994      0.9924    
6       0.2250    0.5012    0.1732      0.4336      0.0107      0.0265      0.0411       0.0411       0.9334   0.7364   0.9996      0.9923    
7       0.2224    0.5142    0.1712      0.4463      0.0100      0.0267      0.0412       0.0412       0.9242   0.7332   0.9996      0.9904    
8       0.2045    0.5369    0.1542      0.4684      0.0091      0.0273      0.0412       0.0412       0.9459   0.7384   0.9990      0.9893    
9       0.2072    0.5393    0.1566      0.4707      0.0094      0.0273      0.0412       0.0412       0.9360   0.7339   0.9984      0.9894    
10      0.2007    0.5340    0.1504      0.4656      0.0091      0.0272      0.0412       0.0412       0.9346   0.7359   0.9988      0.9903    
epochs done 9. Exited due to exception False. Total time taken  39710.3915


epochs  trn_loss  val_loss  trn_cls_ls  val_cls_ls  trn_box_ls  val_box_ls  trn_spec_ls  val_spec_ls  trn_Acc  val_Acc  trn_MaxPos  val_MaxPos
epochs  val_loss  val_cls_ls  val_box_ls  val_spec_ls  val_Acc  val_MaxPos

5       0.4327    0.3696      0.0221      0.0410       0.7914   0.9922    
epochs  val_loss  val_cls_ls  val_box_ls  val_spec_ls  val_Acc  val_MaxPos

5       0.5527    0.4802      0.0314      0.0411       0.6699   0.9878    
