epochs  trn_loss  val_loss  trn_cls_ls  val_cls_ls  trn_box_ls  val_box_ls  trn_spec_ls  val_spec_ls  trn_Acc  val_Acc  trn_MaxPos  val_MaxPos
1       0.4573    0.5004    0.3885      0.4297      0.0289      0.0307      0.0400       0.0400       0.6882   0.6646   0.9971      0.9930    
2       0.3849    0.4539    0.3222      0.3861      0.0224      0.0275      0.0402       0.0402       0.7720   0.7031   0.9956      0.9945    
3       0.3257    0.4623    0.2671      0.3944      0.0182      0.0275      0.0404       0.0404       0.8232   0.7153   0.9985      0.9923    
4       0.2917    0.4824    0.2355      0.4150      0.0155      0.0266      0.0407       0.0407       0.8642   0.7214   0.9984      0.9921    
5       0.2340    0.4906    0.1828      0.4236      0.0104      0.0262      0.0408       0.0408       0.9151   0.7389   0.9978      0.9908    
6       0.2171    0.5157    0.1660      0.4481      0.0104      0.0270      0.0407       0.0407       0.9400   0.7371   0.9998      0.9888    
7       0.2132    0.5192    0.1630      0.4516      0.0095      0.0269      0.0407       0.0407       0.9417   0.7367   0.9989      0.9892    
8       0.1985    0.5448    0.1490      0.4763      0.0089      0.0277      0.0407       0.0407       0.9372   0.7355   0.9995      0.9880    
9       0.2065    0.5522    0.1563      0.4836      0.0096      0.0279      0.0407       0.0407       0.9351   0.7344   0.9987      0.9885    
10      0.1983    0.5513    0.1487      0.4826      0.0089      0.0280      0.0407       0.0407       0.9472   0.7358   0.9997      0.9883    
epochs done 9. Exited due to exception False. Total time taken  38893.5574


epochs  trn_loss  val_loss  trn_cls_ls  val_cls_ls  trn_box_ls  val_box_ls  trn_spec_ls  val_spec_ls  trn_Acc  val_Acc  trn_MaxPos  val_MaxPos
epochs  val_loss  val_cls_ls  val_box_ls  val_spec_ls  val_Acc  val_MaxPos

5       0.4371    0.3743      0.0221      0.0408       0.7865   0.9899    
epochs  val_loss  val_cls_ls  val_box_ls  val_spec_ls  val_Acc  val_MaxPos

5       0.5582    0.4856      0.0318      0.0408       0.6495   0.9912    
