epochs  trn_loss  val_loss  trn_cls_ls  val_cls_ls  trn_box_ls  val_box_ls  trn_Acc  val_Acc  trn_MaxPos  val_MaxPos
1       0.4743    0.5098    0.4460      0.4797      0.0283      0.0302      0.5999   0.5978   0.9986      0.9946    
2       0.3613    0.4371    0.3407      0.4116      0.0206      0.0255      0.7012   0.6520   0.9943      0.9951    
3       0.3007    0.4351    0.2856      0.4106      0.0151      0.0245      0.7540   0.6662   0.9998      0.9925    
4       0.2428    0.4633    0.2304      0.4373      0.0123      0.0260      0.8035   0.6767   0.9988      0.9915    
5       0.1453    0.5079    0.1392      0.4849      0.0061      0.0231      0.8865   0.7050   1.0000      0.9903    
6       0.1311    0.5793    0.1255      0.5549      0.0056      0.0243      0.9043   0.7087   1.0000      0.9881    
7       0.1091    0.6538    0.1041      0.6290      0.0050      0.0248      0.9329   0.7056   0.9999      0.9883    
8       0.0927    0.7546    0.0886      0.7287      0.0041      0.0259      0.9292   0.7041   0.9999      0.9867    
epochs  trn_loss  val_loss  trn_cls_ls  val_cls_ls  trn_box_ls  val_box_ls  trn_Acc  val_Acc  trn_MaxPos  val_MaxPos
epochs  val_loss  val_cls_ls  val_box_ls  val_Acc  val_MaxPos

6       0.4927    0.4725      0.0203      0.7527   0.9910    
epochs  val_loss  val_cls_ls  val_box_ls  val_Acc  val_MaxPos

6       0.7005    0.6706      0.0299      0.6412   0.9886    
