epochs  trn_loss  val_loss  trn_cls_ls  val_cls_ls  trn_box_ls  val_box_ls  trn_spec_ls  val_spec_ls  trn_Acc  val_Acc  trn_MaxPos  val_MaxPos
1       0.4576    0.4930    0.3897      0.4219      0.0278      0.0310      0.0401       0.0401       0.6998   0.6609   0.9962      0.9927    
2       0.3924    0.4520    0.3298      0.3847      0.0226      0.0274      0.0400       0.0399       0.7616   0.7019   0.9978      0.9929    
3       0.3448    0.4500    0.2849      0.3829      0.0190      0.0263      0.0409       0.0408       0.8077   0.7171   0.9988      0.9933    
4       0.3151    0.4569    0.2594      0.3912      0.0158      0.0260      0.0398       0.0398       0.8449   0.7223   0.9968      0.9934    
5       0.2350    0.4882    0.1836      0.4221      0.0113      0.0261      0.0401       0.0401       0.9025   0.7369   0.9994      0.9922    
6       0.2231    0.5033    0.1722      0.4364      0.0108      0.0267      0.0401       0.0401       0.9367   0.7404   0.9997      0.9912    
7       0.2142    0.5152    0.1643      0.4479      0.0099      0.0273      0.0401       0.0401       0.9411   0.7404   1.0000      0.9904    
8       0.2053    0.5330    0.1555      0.4654      0.0098      0.0276      0.0400       0.0400       0.9564   0.7400   0.9995      0.9897    
9       0.2073    0.5386    0.1576      0.4708      0.0097      0.0277      0.0400       0.0400       0.9532   0.7397   0.9990      0.9885    
10      0.2075    0.5343    0.1578      0.4665      0.0097      0.0277      0.0400       0.0401       0.9456   0.7375   1.0000      0.9887    
epochs done 9. Exited due to exception False. Total time taken  29726.6018


epochs  trn_loss  val_loss  trn_cls_ls  val_cls_ls  trn_box_ls  val_box_ls  trn_spec_ls  val_spec_ls  trn_Acc  val_Acc  trn_MaxPos  val_MaxPos
epochs  val_loss  val_cls_ls  val_box_ls  val_spec_ls  val_Acc  val_MaxPos

6       0.4521    0.3892      0.0227      0.0401       0.7919   0.9908    
epochs  val_loss  val_cls_ls  val_box_ls  val_spec_ls  val_Acc  val_MaxPos

6       0.5851    0.5115      0.0336      0.0401       0.6612   0.9890    
