epochs  trn_loss  val_loss  trn_cls_ls  val_cls_ls  trn_box_ls  val_box_ls  trn_Acc  val_Acc  trn_MaxPos  val_MaxPos
1       0.4287    0.4611    0.4001      0.4308      0.0286      0.0302      0.6971   0.6653   0.9920      0.9927    
2       0.3527    0.4183    0.3307      0.3912      0.0220      0.0271      0.7601   0.6990   0.9962      0.9939    
3       0.3077    0.4162    0.2889      0.3892      0.0188      0.0270      0.8000   0.7145   0.9981      0.9923    
4       0.2644    0.4189    0.2487      0.3929      0.0157      0.0260      0.8444   0.7155   0.9985      0.9933    
5       0.2016    0.4423    0.1907      0.4162      0.0109      0.0261      0.9176   0.7341   0.9998      0.9922    
6       0.1837    0.4599    0.1734      0.4331      0.0103      0.0267      0.9326   0.7369   0.9999      0.9907    
7       0.1768    0.4722    0.1668      0.4451      0.0100      0.0271      0.9339   0.7293   0.9987      0.9912    
8       0.1696    0.4902    0.1601      0.4627      0.0095      0.0275      0.9361   0.7309   0.9979      0.9894    
9       0.1690    0.4908    0.1595      0.4633      0.0094      0.0275      0.9445   0.7284   0.9996      0.9890    
10      0.1640    0.4923    0.1546      0.4648      0.0094      0.0276      0.9431   0.7289   1.0000      0.9890    
epochs done 9. Exited due to exception False. Total time taken  30394.7168


epochs  trn_loss  val_loss  trn_cls_ls  val_cls_ls  trn_box_ls  val_box_ls  trn_Acc  val_Acc  trn_MaxPos  val_MaxPos
epochs  val_loss  val_cls_ls  val_box_ls  val_Acc  val_MaxPos

6       0.4077    0.3852      0.0225      0.7900   0.9873    
epochs  val_loss  val_cls_ls  val_box_ls  val_Acc  val_MaxPos

6       0.5286    0.4961      0.0325      0.6709   0.9888    
