epochs  trn_loss  val_loss  trn_cls_ls  val_cls_ls  trn_box_ls  val_box_ls  trn_spec_ls  val_spec_ls  trn_Acc  val_Acc  trn_MaxPos  val_MaxPos
1       0.4736    0.4981    0.4056      0.4274      0.0290      0.0317      0.0390       0.0390       0.6640   0.6559   0.9941      0.9914    
2       0.3940    0.4678    0.3314      0.4007      0.0233      0.0279      0.0393       0.0392       0.7741   0.6925   0.9963      0.9936    
3       0.3517    0.4607    0.2928      0.3942      0.0194      0.0271      0.0394       0.0395       0.7965   0.7125   0.9974      0.9955    
4       0.3061    0.4741    0.2503      0.4080      0.0161      0.0264      0.0397       0.0397       0.8386   0.7178   0.9991      0.9945    
5       0.2306    0.4916    0.1801      0.4255      0.0109      0.0265      0.0396       0.0396       0.9255   0.7337   0.9995      0.9897    
6       0.2225    0.5107    0.1727      0.4442      0.0101      0.0269      0.0397       0.0397       0.9271   0.7369   0.9999      0.9897    
7       0.2129    0.5277    0.1632      0.4608      0.0100      0.0272      0.0397       0.0397       0.9364   0.7312   0.9991      0.9903    
8       0.2017    0.5431    0.1532      0.4760      0.0088      0.0274      0.0397       0.0397       0.9361   0.7345   0.9994      0.9891    
9       0.2041    0.5456    0.1553      0.4784      0.0091      0.0276      0.0397       0.0397       0.9415   0.7358   0.9987      0.9890    
10      0.1972    0.5514    0.1487      0.4840      0.0087      0.0278      0.0397       0.0397       0.9440   0.7339   0.9983      0.9885    
epochs done 9. Exited due to exception False. Total time taken  38468.8729


epochs  trn_loss  val_loss  trn_cls_ls  val_cls_ls  trn_box_ls  val_box_ls  trn_spec_ls  val_spec_ls  trn_Acc  val_Acc  trn_MaxPos  val_MaxPos
epochs  val_loss  val_cls_ls  val_box_ls  val_spec_ls  val_Acc  val_MaxPos

6       0.4599    0.3970      0.0232      0.0397       0.7859   0.9903    
epochs  val_loss  val_cls_ls  val_box_ls  val_spec_ls  val_Acc  val_MaxPos

6       0.5816    0.5091      0.0329      0.0396       0.6569   0.9900    
